============[ n = 2 ]=====================
P =
[[1 1]
 [1 2]]
b =
[[ 0.]
 [ 1.]]
============LU factorization===============
L =
[[ 1.  0.]
 [ 1.  1.]]
U =
[[ 1.  1.]
 [ 0.  1.]]
error = 0.0
x_sol =
[[-1.]
 [ 1.]]
||Px - b||_inf (error) = 0.0
============QR factorization===============
(Householder)
L =
[[ 1.  0.]
 [ 1.  1.]]
U =
[[ 1.  1.]
 [ 0.  1.]]
error = 2.10942374679e-15
x_sol =
[[-1.]
 [ 1.]]
||Px - b||_inf (error) = 0.0
============QR factorization===============
(Givens)
L =
[[ 1.  0.]
 [ 1.  1.]]
U =
[[ 1.  1.]
 [ 0.  1.]]
error = 6.66133814775e-16
x_sol =
[[-1.]
 [ 1.]]
||Px - b||_inf (error) = 6.66133814775e-16


============[ n = 3 ]=====================
P =
[[1 1 1]
 [1 2 3]
 [1 3 6]]
b =
[[ 0. ]
 [ 1. ]
 [ 0.5]]
============LU factorization===============
L =
[[ 1.  0.  0.]
 [ 1.  1.  0.]
 [ 1.  2.  1.]]
U =
[[ 1.  1.  1.]
 [ 0.  1.  2.]
 [ 0.  0.  1.]]
error = 0.0
x_sol =
[[-2.5]
 [ 4. ]
 [-1.5]]
||Px - b||_inf (error) = 0.0
============QR factorization===============
(Householder)
L =
[[ 1.  0.  0.]
 [ 1.  1.  0.]
 [ 1.  2.  1.]]
U =
[[ 1.  1.  1.]
 [ 0.  1.  2.]
 [ 0.  0.  1.]]
error = 6.2172489379e-15
x_sol =
[[-2.5]
 [ 4. ]
 [-1.5]]
||Px - b||_inf (error) = 2.39808173319e-14
============QR factorization===============
(Givens)
L =
[[ 1.  0.  0.]
 [ 1.  1.  0.]
 [ 1.  2.  1.]]
U =
[[ 1.  1.  1.]
 [ 0.  1.  2.]
 [ 0.  0.  1.]]
error = 1.66533453694e-15
x_sol =
[[-2.5]
 [ 4. ]
 [-1.5]]
||Px - b||_inf (error) = 2.22044604925e-16


============[ n = 4 ]=====================
P =
[[ 1  1  1  1]
 [ 1  2  3  4]
 [ 1  3  6 10]
 [ 1  4 10 20]]
b =
[[ 0.        ]
 [ 1.        ]
 [ 0.5       ]
 [ 0.33333333]]
============LU factorization===============
L =
[[ 1.  0.  0.  0.]
 [ 1.  1.  0.  0.]
 [ 1.  2.  1.  0.]
 [ 1.  3.  3.  1.]]
U =
[[ 1.  1.  1.  1.]
 [ 0.  1.  2.  3.]
 [ 0.  0.  1.  3.]
 [ 0.  0.  0.  1.]]
error = 0.0
x_sol =
[[-4.33333333]
 [ 9.5       ]
 [-7.        ]
 [ 1.83333333]]
||Px - b||_inf (error) = 2.38697950294e-15
============QR factorization===============
(Householder)
L =
[[ 1.  0.  0.  0.]
 [ 1.  1.  0.  0.]
 [ 1.  2.  1.  0.]
 [ 1.  3.  3.  1.]]
U =
[[ 1.  1.  1.  1.]
 [ 0.  1.  2.  3.]
 [ 0.  0.  1.  3.]
 [ 0.  0.  0.  1.]]
error = 2.42028619368e-14
x_sol =
[[-4.33333333]
 [ 9.5       ]
 [-7.        ]
 [ 1.83333333]]
||Px - b||_inf (error) = 1.06581410364e-14
============QR factorization===============
(Givens)
L =
[[ 1.  0.  0.  0.]
 [ 1.  1.  0.  0.]
 [ 1.  2.  1.  0.]
 [ 1.  3.  3.  1.]]
U =
[[ 1.  1.  1.  1.]
 [ 0.  1.  2.  3.]
 [ 0.  0.  1.  3.]
 [ 0.  0.  0.  1.]]
error = 6.43929354283e-15
x_sol =
[[-4.33333333]
 [ 9.5       ]
 [-7.        ]
 [ 1.83333333]]
||Px - b||_inf (error) = 7.1054273576e-15


============[ n = 5 ]=====================
P =
[[ 1  1  1  1  1]
 [ 1  2  3  4  5]
 [ 1  3  6 10 15]
 [ 1  4 10 20 35]
 [ 1  5 15 35 70]]
b =
[[ 0.        ]
 [ 1.        ]
 [ 0.5       ]
 [ 0.33333333]
 [ 0.25      ]]
============LU factorization===============
L =
[[ 1.  0.  0.  0.  0.]
 [ 1.  1.  0.  0.  0.]
 [ 1.  2.  1.  0.  0.]
 [ 1.  3.  3.  1.  0.]
 [ 1.  4.  6.  4.  1.]]
U =
[[ 1.  1.  1.  1.  1.]
 [ 0.  1.  2.  3.  4.]
 [ 0.  0.  1.  3.  6.]
 [ 0.  0.  0.  1.  4.]
 [ 0.  0.  0.  0.  1.]]
error = 0.0
x_sol =
[[ -6.41666667]
 [ 17.83333333]
 [-19.5       ]
 [ 10.16666667]
 [ -2.08333333]]
||Px - b||_inf (error) = 2.37032615757e-14
============QR factorization===============
(Householder)
L =
[[ 1.  0.  0.  0.  0.]
 [ 1.  1.  0.  0.  0.]
 [ 1.  2.  1.  0.  0.]
 [ 1.  3.  3.  1.  0.]
 [ 1.  4.  6.  4.  1.]]
U =
[[ 1.  1.  1.  1.  1.]
 [ 0.  1.  2.  3.  4.]
 [ 0.  0.  1.  3.  6.]
 [ 0.  0.  0.  1.  4.]
 [ 0.  0.  0.  0.  1.]]
error = 2.99760216649e-14
x_sol =
[[ -6.41666667]
 [ 17.83333333]
 [-19.5       ]
 [ 10.16666667]
 [ -2.08333333]]
||Px - b||_inf (error) = 1.04194430861e-13
============QR factorization===============
(Givens)
L =
[[ 1.  0.  0.  0.  0.]
 [ 1.  1.  0.  0.  0.]
 [ 1.  2.  1.  0.  0.]
 [ 1.  3.  3.  1.  0.]
 [ 1.  4.  6.  4.  1.]]
U =
[[ 1.  1.  1.  1.  1.]
 [ 0.  1.  2.  3.  4.]
 [ 0.  0.  1.  3.  6.]
 [ 0.  0.  0.  1.  4.]
 [ 0.  0.  0.  0.  1.]]
error = 6.43929354283e-15
x_sol =
[[ -6.41666667]
 [ 17.83333333]
 [-19.5       ]
 [ 10.16666667]
 [ -2.08333333]]
||Px - b||_inf (error) = 2.84217094304e-14


============[ n = 6 ]=====================
P =
[[  1   1   1   1   1   1]
 [  1   2   3   4   5   6]
 [  1   3   6  10  15  21]
 [  1   4  10  20  35  56]
 [  1   5  15  35  70 126]
 [  1   6  21  56 126 252]]
b =
[[ 0.        ]
 [ 1.        ]
 [ 0.5       ]
 [ 0.33333333]
 [ 0.25      ]
 [ 0.2       ]]
============LU factorization===============
L =
[[  1.   0.   0.   0.   0.   0.]
 [  1.   1.   0.   0.   0.   0.]
 [  1.   2.   1.   0.   0.   0.]
 [  1.   3.   3.   1.   0.   0.]
 [  1.   4.   6.   4.   1.   0.]
 [  1.   5.  10.  10.   5.   1.]]
U =
[[  1.   1.   1.   1.   1.   1.]
 [  0.   1.   2.   3.   4.   5.]
 [  0.   0.   1.   3.   6.  10.]
 [  0.   0.   0.   1.   4.  10.]
 [  0.   0.   0.   0.   1.   5.]
 [  0.   0.   0.   0.   0.   1.]]
error = 0.0
x_sol =
[[ -8.7       ]
 [ 29.25      ]
 [-42.33333333]
 [ 33.        ]
 [-13.5       ]
 [  2.28333333]]
||Px - b||_inf (error) = 1.5915047058e-13
============QR factorization===============
(Householder)
L =
[[  1.   0.   0.   0.   0.   0.]
 [  1.   1.   0.   0.   0.   0.]
 [  1.   2.   1.   0.   0.   0.]
 [  1.   3.   3.   1.   0.   0.]
 [  1.   4.   6.   4.   1.   0.]
 [  1.   5.  10.  10.   5.   1.]]
U =
[[  1.   1.   1.   1.   1.   1.]
 [  0.   1.   2.   3.   4.   5.]
 [  0.   0.   1.   3.   6.  10.]
 [  0.   0.   0.   1.   4.  10.]
 [  0.   0.   0.   0.   1.   5.]
 [  0.   0.   0.   0.   0.   1.]]
error = 7.83817455385e-14
x_sol =
[[ -8.7       ]
 [ 29.25      ]
 [-42.33333333]
 [ 33.        ]
 [-13.5       ]
 [  2.28333333]]
||Px - b||_inf (error) = 1.81910042585e-13
============QR factorization===============
(Givens)
L =
[[  1.   0.   0.   0.   0.   0.]
 [  1.   1.   0.   0.   0.   0.]
 [  1.   2.   1.   0.   0.   0.]
 [  1.   3.   3.   1.   0.   0.]
 [  1.   4.   6.   4.   1.   0.]
 [  1.   5.  10.  10.   5.   1.]]
U =
[[  1.   1.   1.   1.   1.   1.]
 [  0.   1.   2.   3.   4.   5.]
 [  0.   0.   1.   3.   6.  10.]
 [  0.   0.   0.   1.   4.  10.]
 [  0.   0.   0.   0.   1.   5.]
 [  0.   0.   0.   0.   0.   1.]]
error = 8.41549052666e-14
x_sol =
[[ -8.7       ]
 [ 29.25      ]
 [-42.33333333]
 [ 33.        ]
 [-13.5       ]
 [  2.28333333]]
||Px - b||_inf (error) = 1.13686837722e-13


============[ n = 7 ]=====================
P =
[[  1   1   1   1   1   1   1]
 [  1   2   3   4   5   6   7]
 [  1   3   6  10  15  21  28]
 [  1   4  10  20  35  56  84]
 [  1   5  15  35  70 126 210]
 [  1   6  21  56 126 252 462]
 [  1   7  28  84 210 462 924]]
b =
[[ 0.        ]
 [ 1.        ]
 [ 0.5       ]
 [ 0.33333333]
 [ 0.25      ]
 [ 0.2       ]
 [ 0.16666667]]
============LU factorization===============
L =
[[  1.   0.   0.   0.   0.   0.   0.]
 [  1.   1.   0.   0.   0.   0.   0.]
 [  1.   2.   1.   0.   0.   0.   0.]
 [  1.   3.   3.   1.   0.   0.   0.]
 [  1.   4.   6.   4.   1.   0.   0.]
 [  1.   5.  10.  10.   5.   1.   0.]
 [  1.   6.  15.  20.  15.   6.   1.]]
U =
[[  1.   1.   1.   1.   1.   1.   1.]
 [  0.   1.   2.   3.   4.   5.   6.]
 [  0.   0.   1.   3.   6.  10.  15.]
 [  0.   0.   0.   1.   4.  10.  20.]
 [  0.   0.   0.   0.   1.   5.  15.]
 [  0.   0.   0.   0.   0.   1.   6.]
 [  0.   0.   0.   0.   0.   0.   1.]]
error = 0.0
x_sol =
[[-11.15      ]
 [ 43.95      ]
 [-79.08333333]
 [ 82.        ]
 [-50.25      ]
 [ 16.98333333]
 [ -2.45      ]]
||Px - b||_inf (error) = 1.66741620511e-12
============QR factorization===============
(Householder)
L =
[[  1.   0.   0.   0.   0.   0.   0.]
 [  1.   1.   0.   0.   0.   0.   0.]
 [  1.   2.   1.   0.   0.   0.   0.]
 [  1.   3.   3.   1.   0.   0.   0.]
 [  1.   4.   6.   4.   1.   0.   0.]
 [  1.   5.  10.  10.   5.   1.   0.]
 [  1.   6.  15.  20.  15.   6.   1.]]
U =
[[  1.   1.   1.   1.   1.   1.   1.]
 [  0.   1.   2.   3.   4.   5.   6.]
 [  0.   0.   1.   3.   6.  10.  15.]
 [  0.   0.   0.   1.   4.  10.  20.]
 [  0.   0.   0.   0.   1.   5.  15.]
 [  0.   0.   0.   0.   0.   1.   6.]
 [  0.   0.   0.   0.   0.   0.   1.]]
error = 3.8546943415e-13
x_sol =
[[-11.15      ]
 [ 43.95      ]
 [-79.08333333]
 [ 82.        ]
 [-50.25      ]
 [ 16.98333333]
 [ -2.45      ]]
||Px - b||_inf (error) = 3.78955200553e-12
============QR factorization===============
(Givens)
L =
[[  1.   0.   0.   0.   0.   0.   0.]
 [  1.   1.   0.   0.   0.   0.   0.]
 [  1.   2.   1.   0.   0.   0.   0.]
 [  1.   3.   3.   1.   0.   0.   0.]
 [  1.   4.   6.   4.   1.   0.   0.]
 [  1.   5.  10.  10.   5.   1.   0.]
 [  1.   6.  15.  20.  15.   6.   1.]]
U =
[[  1.   1.   1.   1.   1.   1.   1.]
 [  0.   1.   2.   3.   4.   5.   6.]
 [  0.   0.   1.   3.   6.  10.  15.]
 [  0.   0.   0.   1.   4.  10.  20.]
 [  0.   0.   0.   0.   1.   5.  15.]
 [  0.   0.   0.   0.   0.   1.   6.]
 [  0.   0.   0.   0.   0.   0.   1.]]
error = 2.56017429479e-13
x_sol =
[[-11.15      ]
 [ 43.95      ]
 [-79.08333333]
 [ 82.        ]
 [-50.25      ]
 [ 16.98333333]
 [ -2.45      ]]
||Px - b||_inf (error) = 1.01252339846e-12


============[ n = 8 ]=====================
P =
[[   1    1    1    1    1    1    1    1]
 [   1    2    3    4    5    6    7    8]
 [   1    3    6   10   15   21   28   36]
 [   1    4   10   20   35   56   84  120]
 [   1    5   15   35   70  126  210  330]
 [   1    6   21   56  126  252  462  792]
 [   1    7   28   84  210  462  924 1716]
 [   1    8   36  120  330  792 1716 3432]]
b =
[[ 0.        ]
 [ 1.        ]
 [ 0.5       ]
 [ 0.33333333]
 [ 0.25      ]
 [ 0.2       ]
 [ 0.16666667]
 [ 0.14285714]]
============LU factorization===============
L =
[[  1.   0.   0.   0.   0.   0.   0.   0.]
 [  1.   1.   0.   0.   0.   0.   0.   0.]
 [  1.   2.   1.   0.   0.   0.   0.   0.]
 [  1.   3.   3.   1.   0.   0.   0.   0.]
 [  1.   4.   6.   4.   1.   0.   0.   0.]
 [  1.   5.  10.  10.   5.   1.   0.   0.]
 [  1.   6.  15.  20.  15.   6.   1.   0.]
 [  1.   7.  21.  35.  35.  21.   7.   1.]]
U =
[[  1.   1.   1.   1.   1.   1.   1.   1.]
 [  0.   1.   2.   3.   4.   5.   6.   7.]
 [  0.   0.   1.   3.   6.  10.  15.  21.]
 [  0.   0.   0.   1.   4.  10.  20.  35.]
 [  0.   0.   0.   0.   1.   5.  15.  35.]
 [  0.   0.   0.   0.   0.   1.   6.  21.]
 [  0.   0.   0.   0.   0.   0.   1.   7.]
 [  0.   0.   0.   0.   0.   0.   0.   1.]]
error = 0.0
x_sol =
[[ -13.74285714]
 [  62.1       ]
 [-133.53333333]
 [ 172.75      ]
 [-141.        ]
 [  71.43333333]
 [ -20.6       ]
 [   2.59285714]]
||Px - b||_inf (error) = 6.06328875996e-12
============QR factorization===============
(Householder)
L =
[[  1.   0.   0.   0.   0.   0.   0.   0.]
 [  1.   1.   0.   0.   0.   0.   0.   0.]
 [  1.   2.   1.   0.   0.   0.   0.   0.]
 [  1.   3.   3.   1.   0.   0.   0.   0.]
 [  1.   4.   6.   4.   1.   0.   0.   0.]
 [  1.   5.  10.  10.   5.   1.   0.   0.]
 [  1.   6.  15.  20.  15.   6.   1.   0.]
 [  1.   7.  21.  35.  35.  21.   7.   1.]]
U =
[[  1.   1.   1.   1.   1.   1.   1.   1.]
 [  0.   1.   2.   3.   4.   5.   6.   7.]
 [  0.   0.   1.   3.   6.  10.  15.  21.]
 [  0.   0.   0.   1.   4.  10.  20.  35.]
 [  0.   0.   0.   0.   1.   5.  15.  35.]
 [  0.   0.   0.   0.   0.   1.   6.  21.]
 [  0.   0.   0.   0.   0.   0.   1.   7.]
 [  0.   0.   0.   0.   0.   0.   0.   1.]]
error = 2.57338594878e-12
x_sol =
[[ -13.74285714]
 [  62.1       ]
 [-133.53333333]
 [ 172.75      ]
 [-141.        ]
 [  71.43333333]
 [ -20.6       ]
 [   2.59285714]]
||Px - b||_inf (error) = 6.87805368216e-12
============QR factorization===============
(Givens)
L =
[[  1.   0.   0.   0.   0.   0.   0.   0.]
 [  1.   1.   0.   0.   0.   0.   0.   0.]
 [  1.   2.   1.   0.   0.   0.   0.   0.]
 [  1.   3.   3.   1.   0.   0.   0.   0.]
 [  1.   4.   6.   4.   1.   0.   0.   0.]
 [  1.   5.  10.  10.   5.   1.   0.   0.]
 [  1.   6.  15.  20.  15.   6.   1.   0.]
 [  1.   7.  21.  35.  35.  21.   7.   1.]]
U =
[[  1.   1.   1.   1.   1.   1.   1.   1.]
 [  0.   1.   2.   3.   4.   5.   6.   7.]
 [  0.   0.   1.   3.   6.  10.  15.  21.]
 [  0.   0.   0.   1.   4.  10.  20.  35.]
 [  0.   0.   0.   0.   1.   5.  15.  35.]
 [  0.   0.   0.   0.   0.   1.   6.  21.]
 [  0.   0.   0.   0.   0.   0.   1.   7.]
 [  0.   0.   0.   0.   0.   0.   0.   1.]]
error = 3.87245790989e-13
x_sol =
[[ -13.74285714]
 [  62.1       ]
 [-133.53333333]
 [ 172.75      ]
 [-141.        ]
 [  71.43333333]
 [ -20.6       ]
 [   2.59285714]]
||Px - b||_inf (error) = 1.24730781259e-11


============[ n = 9 ]=====================
P =
[[    1     1     1     1     1     1     1     1     1]
 [    1     2     3     4     5     6     7     8     9]
 [    1     3     6    10    15    21    28    36    45]
 [    1     4    10    20    35    56    84   120   165]
 [    1     5    15    35    70   126   210   330   495]
 [    1     6    21    56   126   252   462   792  1287]
 [    1     7    28    84   210   462   924  1716  3003]
 [    1     8    36   120   330   792  1716  3432  6435]
 [    1     9    45   165   495  1287  3003  6435 12870]]
b =
[[ 0.        ]
 [ 1.        ]
 [ 0.5       ]
 [ 0.33333333]
 [ 0.25      ]
 [ 0.2       ]
 [ 0.16666667]
 [ 0.14285714]
 [ 0.125     ]]
============LU factorization===============
L =
[[  1.   0.   0.   0.   0.   0.   0.   0.   0.]
 [  1.   1.   0.   0.   0.   0.   0.   0.   0.]
 [  1.   2.   1.   0.   0.   0.   0.   0.   0.]
 [  1.   3.   3.   1.   0.   0.   0.   0.   0.]
 [  1.   4.   6.   4.   1.   0.   0.   0.   0.]
 [  1.   5.  10.  10.   5.   1.   0.   0.   0.]
 [  1.   6.  15.  20.  15.   6.   1.   0.   0.]
 [  1.   7.  21.  35.  35.  21.   7.   1.   0.]
 [  1.   8.  28.  56.  70.  56.  28.   8.   1.]]
U =
[[  1.   1.   1.   1.   1.   1.   1.   1.   1.]
 [  0.   1.   2.   3.   4.   5.   6.   7.   8.]
 [  0.   0.   1.   3.   6.  10.  15.  21.  28.]
 [  0.   0.   0.   1.   4.  10.  20.  35.  56.]
 [  0.   0.   0.   0.   1.   5.  15.  35.  70.]
 [  0.   0.   0.   0.   0.   1.   6.  21.  56.]
 [  0.   0.   0.   0.   0.   0.   1.   7.  28.]
 [  0.   0.   0.   0.   0.   0.   0.   1.   8.]
 [  0.   0.   0.   0.   0.   0.   0.   0.   1.]]
error = 0.0
x_sol =
[[ -16.46071429]
 [  83.84285714]
 [-209.63333333]
 [ 324.95      ]
 [-331.25      ]
 [ 223.63333333]
 [ -96.7       ]
 [  24.33571429]
 [  -2.71785714]]
||Px - b||_inf (error) = 5.82076609135e-11
============QR factorization===============
(Householder)
L =
[[  1.   0.   0.   0.   0.   0.   0.   0.   0.]
 [  1.   1.   0.   0.   0.   0.   0.   0.   0.]
 [  1.   2.   1.   0.   0.   0.   0.   0.   0.]
 [  1.   3.   3.   1.   0.   0.   0.   0.   0.]
 [  1.   4.   6.   4.   1.   0.   0.   0.   0.]
 [  1.   5.  10.  10.   5.   1.   0.   0.   0.]
 [  1.   6.  15.  20.  15.   6.   1.   0.   0.]
 [  1.   7.  21.  35.  35.  21.   7.   1.   0.]
 [  1.   8.  28.  56.  70.  56.  28.   8.   1.]]
U =
[[  1.   1.   1.   1.   1.   1.   1.   1.   1.]
 [  0.   1.   2.   3.   4.   5.   6.   7.   8.]
 [  0.   0.   1.   3.   6.  10.  15.  21.  28.]
 [  0.   0.   0.   1.   4.  10.  20.  35.  56.]
 [  0.   0.   0.   0.   1.   5.  15.  35.  70.]
 [  0.   0.   0.   0.   0.   1.   6.  21.  56.]
 [  0.   0.   0.   0.   0.   0.   1.   7.  28.]
 [  0.   0.   0.   0.   0.   0.   0.   1.   8.]
 [  0.   0.   0.   0.   0.   0.   0.   0.   1.]]
error = 4.51338966201e-12
x_sol =
[[ -16.46071429]
 [  83.84285717]
 [-209.63333343]
 [ 324.95000018]
 [-331.2500002 ]
 [ 223.63333348]
 [ -96.70000007]
 [  24.3357143 ]
 [  -2.71785715]]
||Px - b||_inf (error) = 2.9775293342e-11
============QR factorization===============
(Givens)
L =
[[  1.   0.   0.   0.   0.   0.   0.   0.   0.]
 [  1.   1.   0.   0.   0.   0.   0.   0.   0.]
 [  1.   2.   1.   0.   0.   0.   0.   0.   0.]
 [  1.   3.   3.   1.   0.   0.   0.   0.   0.]
 [  1.   4.   6.   4.   1.   0.   0.   0.   0.]
 [  1.   5.  10.  10.   5.   1.   0.   0.   0.]
 [  1.   6.  15.  20.  15.   6.   1.   0.   0.]
 [  1.   7.  21.  35.  35.  21.   7.   1.   0.]
 [  1.   8.  28.  56.  70.  56.  28.   8.   1.]]
U =
[[  1.   1.   1.   1.   1.   1.   1.   1.   1.]
 [  0.   1.   2.   3.   4.   5.   6.   7.   8.]
 [  0.   0.   1.   3.   6.  10.  15.  21.  28.]
 [  0.   0.   0.   1.   4.  10.  20.  35.  56.]
 [  0.   0.   0.   0.   1.   5.  15.  35.  70.]
 [  0.   0.   0.   0.   0.   1.   6.  21.  56.]
 [  0.   0.   0.   0.   0.   0.   1.   7.  28.]
 [  0.   0.   0.   0.   0.   0.   0.   1.   8.]
 [  0.   0.   0.   0.   0.   0.   0.   0.   1.]]
error = 1.23743237879e-11
x_sol =
[[ -16.46071429]
 [  83.84285714]
 [-209.63333334]
 [ 324.95000001]
 [-331.25000001]
 [ 223.63333334]
 [ -96.7       ]
 [  24.33571429]
 [  -2.71785714]]
||Px - b||_inf (error) = 5.6128823811e-11


============[ n = 10 ]=====================
P =
[[    1     1     1     1     1     1     1     1     1     1]
 [    1     2     3     4     5     6     7     8     9    10]
 [    1     3     6    10    15    21    28    36    45    55]
 [    1     4    10    20    35    56    84   120   165   220]
 [    1     5    15    35    70   126   210   330   495   715]
 [    1     6    21    56   126   252   462   792  1287  2002]
 [    1     7    28    84   210   462   924  1716  3003  5005]
 [    1     8    36   120   330   792  1716  3432  6435 11440]
 [    1     9    45   165   495  1287  3003  6435 12870 24310]
 [    1    10    55   220   715  2002  5005 11440 24310 48620]]
b =
[[ 0.        ]
 [ 1.        ]
 [ 0.5       ]
 [ 0.33333333]
 [ 0.25      ]
 [ 0.2       ]
 [ 0.16666667]
 [ 0.14285714]
 [ 0.125     ]
 [ 0.11111111]]
============LU factorization===============
L =
[[   1.    0.    0.    0.    0.    0.    0.    0.    0.    0.]
 [   1.    1.    0.    0.    0.    0.    0.    0.    0.    0.]
 [   1.    2.    1.    0.    0.    0.    0.    0.    0.    0.]
 [   1.    3.    3.    1.    0.    0.    0.    0.    0.    0.]
 [   1.    4.    6.    4.    1.    0.    0.    0.    0.    0.]
 [   1.    5.   10.   10.    5.    1.    0.    0.    0.    0.]
 [   1.    6.   15.   20.   15.    6.    1.    0.    0.    0.]
 [   1.    7.   21.   35.   35.   21.    7.    1.    0.    0.]
 [   1.    8.   28.   56.   70.   56.   28.    8.    1.    0.]
 [   1.    9.   36.   84.  126.  126.   84.   36.    9.    1.]]
U =
[[   1.    1.    1.    1.    1.    1.    1.    1.    1.    1.]
 [   0.    1.    2.    3.    4.    5.    6.    7.    8.    9.]
 [   0.    0.    1.    3.    6.   10.   15.   21.   28.   36.]
 [   0.    0.    0.    1.    4.   10.   20.   35.   56.   84.]
 [   0.    0.    0.    0.    1.    5.   15.   35.   70.  126.]
 [   0.    0.    0.    0.    0.    1.    6.   21.   56.  126.]
 [   0.    0.    0.    0.    0.    0.    1.    7.   28.   84.]
 [   0.    0.    0.    0.    0.    0.    0.    1.    8.   36.]
 [   0.    0.    0.    0.    0.    0.    0.    0.    1.    9.]
 [   0.    0.    0.    0.    0.    0.    0.    0.    0.    1.]]
error = 0.0
x_sol =
[[ -19.28968254]
 [ 109.30357143]
 [-311.47619048]
 [ 562.58333333]
 [-687.7       ]
 [ 580.08333333]
 [-334.33333333]
 [ 126.17857143]
 [ -28.17857143]
 [   2.82896825]]
||Px - b||_inf (error) = 2.19895601727e-10
============QR factorization===============
(Householder)
L =
[[   1.    0.    0.    0.    0.    0.    0.    0.    0.    0.]
 [   1.    1.    0.    0.    0.    0.    0.    0.    0.    0.]
 [   1.    2.    1.    0.    0.    0.    0.    0.    0.    0.]
 [   1.    3.    3.    1.    0.    0.    0.    0.    0.    0.]
 [   1.    4.    6.    4.    1.    0.    0.    0.    0.    0.]
 [   1.    5.   10.   10.    5.    1.    0.    0.    0.    0.]
 [   1.    6.   15.   20.   15.    6.    1.    0.    0.    0.]
 [   1.    7.   21.   35.   35.   21.    7.    1.    0.    0.]
 [   1.    8.   28.   56.   70.   56.   28.    8.    1.    0.]
 [   1.    9.   36.   84.  126.  126.   84.   36.    9.    1.]]
U =
[[   1.    1.    1.    1.    1.    1.    1.    1.    1.    1.]
 [   0.    1.    2.    3.    4.    5.    6.    7.    8.    9.]
 [   0.    0.    1.    3.    6.   10.   15.   21.   28.   36.]
 [   0.    0.    0.    1.    4.   10.   20.   35.   56.   84.]
 [   0.    0.    0.    0.    1.    5.   15.   35.   70.  126.]
 [   0.    0.    0.    0.    0.    1.    6.   21.   56.  126.]
 [   0.    0.    0.    0.    0.    0.    1.    7.   28.   84.]
 [   0.    0.    0.    0.    0.    0.    0.    1.    8.   36.]
 [   0.    0.    0.    0.    0.    0.    0.    0.    1.    9.]
 [   0.    0.    0.    0.    0.    0.    0.    0.    0.    1.]]
error = 4.16175982565e-11
x_sol =
[[ -19.28968257]
 [ 109.30357167]
 [-311.47619136]
 [ 562.58333521]
 [-687.7000026 ]
 [ 580.08333575]
 [-334.33333484]
 [ 126.17857204]
 [ -28.17857157]
 [   2.82896827]]
||Px - b||_inf (error) = 1.36164357567e-10
============QR factorization===============
(Givens)
L =
[[   1.    0.    0.    0.    0.    0.    0.    0.    0.    0.]
 [   1.    1.    0.    0.    0.    0.    0.    0.    0.    0.]
 [   1.    2.    1.    0.    0.    0.    0.    0.    0.    0.]
 [   1.    3.    3.    1.    0.    0.    0.    0.    0.    0.]
 [   1.    4.    6.    4.    1.    0.    0.    0.    0.    0.]
 [   1.    5.   10.   10.    5.    1.    0.    0.    0.    0.]
 [   1.    6.   15.   20.   15.    6.    1.    0.    0.    0.]
 [   1.    7.   21.   35.   35.   21.    7.    1.    0.    0.]
 [   1.    8.   28.   56.   70.   56.   28.    8.    1.    0.]
 [   1.    9.   36.   84.  126.  126.   84.   36.    9.    1.]]
U =
[[   1.    1.    1.    1.    1.    1.    1.    1.    1.    1.]
 [   0.    1.    2.    3.    4.    5.    6.    7.    8.    9.]
 [   0.    0.    1.    3.    6.   10.   15.   21.   28.   36.]
 [   0.    0.    0.    1.    4.   10.   20.   35.   56.   84.]
 [   0.    0.    0.    0.    1.    5.   15.   35.   70.  126.]
 [   0.    0.    0.    0.    0.    1.    6.   21.   56.  126.]
 [   0.    0.    0.    0.    0.    0.    1.    7.   28.   84.]
 [   0.    0.    0.    0.    0.    0.    0.    1.    8.   36.]
 [   0.    0.    0.    0.    0.    0.    0.    0.    1.    9.]
 [   0.    0.    0.    0.    0.    0.    0.    0.    0.    1.]]
error = 1.90323312665e-11
x_sol =
[[ -19.28968254]
 [ 109.30357147]
 [-311.47619064]
 [ 562.58333371]
 [-687.70000055]
 [ 580.08333388]
 [-334.33333369]
 [ 126.17857158]
 [ -28.17857147]
 [   2.82896826]]
||Px - b||_inf (error) = 1.5799223041e-10


============[ n = 11 ]=====================
P =
[[     1      1      1      1      1      1      1      1      1      1
       1]
 [     1      2      3      4      5      6      7      8      9     10
      11]
 [     1      3      6     10     15     21     28     36     45     55
      66]
 [     1      4     10     20     35     56     84    120    165    220
     286]
 [     1      5     15     35     70    126    210    330    495    715
    1001]
 [     1      6     21     56    126    252    462    792   1287   2002
    3003]
 [     1      7     28     84    210    462    924   1716   3003   5005
    8008]
 [     1      8     36    120    330    792   1716   3432   6435  11440
   19448]
 [     1      9     45    165    495   1287   3003   6435  12870  24310
   43758]
 [     1     10     55    220    715   2002   5005  11440  24310  48620
   92378]
 [     1     11     66    286   1001   3003   8008  19448  43758  92378
  184756]]
b =
[[ 0.        ]
 [ 1.        ]
 [ 0.5       ]
 [ 0.33333333]
 [ 0.25      ]
 [ 0.2       ]
 [ 0.16666667]
 [ 0.14285714]
 [ 0.125     ]
 [ 0.11111111]
 [ 0.1       ]]
============LU factorization===============
L =
[[   1.    0.    0.    0.    0.    0.    0.    0.    0.    0.    0.]
 [   1.    1.    0.    0.    0.    0.    0.    0.    0.    0.    0.]
 [   1.    2.    1.    0.    0.    0.    0.    0.    0.    0.    0.]
 [   1.    3.    3.    1.    0.    0.    0.    0.    0.    0.    0.]
 [   1.    4.    6.    4.    1.    0.    0.    0.    0.    0.    0.]
 [   1.    5.   10.   10.    5.    1.    0.    0.    0.    0.    0.]
 [   1.    6.   15.   20.   15.    6.    1.    0.    0.    0.    0.]
 [   1.    7.   21.   35.   35.   21.    7.    1.    0.    0.    0.]
 [   1.    8.   28.   56.   70.   56.   28.    8.    1.    0.    0.]
 [   1.    9.   36.   84.  126.  126.   84.   36.    9.    1.    0.]
 [   1.   10.   45.  120.  210.  252.  210.  120.   45.   10.    1.]]
U =
[[   1.    1.    1.    1.    1.    1.    1.    1.    1.    1.    1.]
 [   0.    1.    2.    3.    4.    5.    6.    7.    8.    9.   10.]
 [   0.    0.    1.    3.    6.   10.   15.   21.   28.   36.   45.]
 [   0.    0.    0.    1.    4.   10.   20.   35.   56.   84.  120.]
 [   0.    0.    0.    0.    1.    5.   15.   35.   70.  126.  210.]
 [   0.    0.    0.    0.    0.    1.    6.   21.   56.  126.  252.]
 [   0.    0.    0.    0.    0.    0.    1.    7.   28.   84.  210.]
 [   0.    0.    0.    0.    0.    0.    0.    1.    8.   36.  120.]
 [   0.    0.    0.    0.    0.    0.    0.    0.    1.    9.   45.]
 [   0.    0.    0.    0.    0.    0.    0.    0.    0.    1.   10.]
 [   0.    0.    0.    0.    0.    0.    0.    0.    0.    0.    1.]]
error = 0.0
x_sol =
[[  -22.21865079]
 [  138.59325397]
 [ -443.2797619 ]
 [  914.05952381]
 [-1302.78333333]
 [ 1318.18333333]
 [ -949.41666667]
 [  477.6547619 ]
 [ -159.98214286]
 [   32.11865079]
 [   -2.92896825]]
||Px - b||_inf (error) = 1.1770882602e-09
============QR factorization===============
(Householder)
L =
[[   1.    0.    0.    0.    0.    0.    0.    0.    0.    0.    0.]
 [   1.    1.    0.    0.    0.    0.    0.    0.    0.    0.    0.]
 [   1.    2.    1.    0.    0.    0.    0.    0.    0.    0.    0.]
 [   1.    3.    3.    1.    0.    0.    0.    0.    0.    0.    0.]
 [   1.    4.    6.    4.    1.    0.    0.    0.    0.    0.    0.]
 [   1.    5.   10.   10.    5.    1.    0.    0.    0.    0.    0.]
 [   1.    6.   15.   20.   15.    6.    1.    0.    0.    0.    0.]
 [   1.    7.   21.   35.   35.   21.    7.    1.    0.    0.    0.]
 [   1.    8.   28.   56.   70.   56.   28.    8.    1.    0.    0.]
 [   1.    9.   36.   84.  126.  126.   84.   36.    9.    1.    0.]
 [   1.   10.   45.  120.  210.  252.  210.  120.   45.   10.    1.]]
U =
[[   1.    1.    1.    1.    1.    1.    1.    1.    1.    1.    1.]
 [   0.    1.    2.    3.    4.    5.    6.    7.    8.    9.   10.]
 [   0.    0.    1.    3.    6.   10.   15.   21.   28.   36.   45.]
 [   0.    0.    0.    1.    4.   10.   20.   35.   56.   84.  120.]
 [   0.    0.    0.    0.    1.    5.   15.   35.   70.  126.  210.]
 [   0.    0.    0.    0.    0.    1.    6.   21.   56.  126.  252.]
 [   0.    0.    0.    0.    0.    0.    1.    7.   28.   84.  210.]
 [   0.    0.    0.    0.    0.    0.    0.    1.    8.   36.  120.]
 [   0.    0.    0.    0.    0.    0.    0.    0.    1.    9.   45.]
 [   0.    0.    0.    0.    0.    0.    0.    0.    0.    1.   10.]
 [   0.    0.    0.    0.    0.    0.    0.    0.    0.    0.    1.]]
error = 7.00632885042e-11
x_sol =
[[  -22.21865077]
 [  138.59325373]
 [ -443.27976081]
 [  914.05952105]
 [-1302.78332889]
 [ 1318.18332852]
 [ -949.41666309]
 [  477.6547601 ]
 [ -159.98214227]
 [   32.11865068]
 [   -2.92896824]]
||Px - b||_inf (error) = 1.49011611383e-09
============QR factorization===============
(Givens)
L =
[[   1.    0.    0.    0.    0.    0.    0.    0.    0.    0.    0.]
 [   1.    1.    0.    0.    0.    0.    0.    0.    0.    0.    0.]
 [   1.    2.    1.    0.    0.    0.    0.    0.    0.    0.    0.]
 [   1.    3.    3.    1.    0.    0.    0.    0.    0.    0.    0.]
 [   1.    4.    6.    4.    1.    0.    0.    0.    0.    0.    0.]
 [   1.    5.   10.   10.    5.    1.    0.    0.    0.    0.    0.]
 [   1.    6.   15.   20.   15.    6.    1.    0.    0.    0.    0.]
 [   1.    7.   21.   35.   35.   21.    7.    1.    0.    0.    0.]
 [   1.    8.   28.   56.   70.   56.   28.    8.    1.    0.    0.]
 [   1.    9.   36.   84.  126.  126.   84.   36.    9.    1.    0.]
 [   1.   10.   45.  120.  210.  252.  210.  120.   45.   10.    1.]]
U =
[[   1.    1.    1.    1.    1.    1.    1.    1.    1.    1.    1.]
 [   0.    1.    2.    3.    4.    5.    6.    7.    8.    9.   10.]
 [   0.    0.    1.    3.    6.   10.   15.   21.   28.   36.   45.]
 [   0.    0.    0.    1.    4.   10.   20.   35.   56.   84.  120.]
 [   0.    0.    0.    0.    1.    5.   15.   35.   70.  126.  210.]
 [   0.    0.    0.    0.    0.    1.    6.   21.   56.  126.  252.]
 [   0.    0.    0.    0.    0.    0.    1.    7.   28.   84.  210.]
 [   0.    0.    0.    0.    0.    0.    0.    1.    8.   36.  120.]
 [   0.    0.    0.    0.    0.    0.    0.    0.    1.    9.   45.]
 [   0.    0.    0.    0.    0.    0.    0.    0.    0.    1.   10.]
 [   0.    0.    0.    0.    0.    0.    0.    0.    0.    0.    1.]]
error = 1.52697632316e-10
x_sol =
[[  -22.21865087]
 [  138.59325468]
 [ -443.279765  ]
 [  914.05953187]
 [-1302.78334708]
 [ 1318.18334941]
 [ -949.41667973]
 [  477.65476918]
 [ -159.98214552]
 [   32.11865137]
 [   -2.92896831]]
||Px - b||_inf (error) = 1.06067293837e-09


